vanishing points:
(21337.818841,941.945652,1.000000,1000.000000,0.000000,0.000000,1.000000)
(766.491926,601.782482,1.000000,0.000000,1000.000000,0.000000,1.000000)
(317.208492,6597.893278,1.000000,0.000000,0.000000,1000.000000,1.000000)
reference plane homography:
0.146684,-0.425558,0.661146
0.006475,-0.334463,0.498359
0.000007,-0.000554,0.000952
point for reference height: 6
num of points: 9
(694.500000,523.500000,1.000000,0.000000,0.000000,0.000000,1.000000)
(842.500000,526.500000,1.000000,1.000000,0.000000,0.000000,1.000000)
(684.500000,684.500000,1.000000,0.000000,0.000000,1.000000,1.000000)
(845.500000,683.500000,1.000000,1.000000,0.000000,1.000000,1.000000)
(591.500000,411.500000,1.000000,0.000000,1.000000,0.000000,1.000000)
(943.500000,420.500000,1.000000,1.000000,1.000000,0.000000,1.000000)
(571.500000,798.500000,1.000000,0.000000,1.000000,1.000000,1.000000)
(958.500000,796.500000,1.000000,1.000000,1.000000,1.000000,1.000000)
(260.500000,761.500000,1.000000,0.000000,0.000000,0.000000,0.000000)
num of lines: 10
x: 1 2
x: 3 4
x: 5 6
x: 7 8
y: 3 7
y: 4 8
y: 1 5
y: 2 6
z: 1 3
z: 2 4
num of polygons: 5
c1
4: 1 2 6 5
1.000000 0.000000 0.000000 
0.000000 1.000000 0.000000 
0.000000 0.000000 1.000000 

c2
4: 2 4 8 6
1.000000 0.000000 0.000000 
0.000000 1.000000 0.000000 
0.000000 0.000000 1.000000 

c3
4: 3 7 5 1
1.000000 0.000000 0.000000 
0.000000 1.000000 0.000000 
0.000000 0.000000 1.000000 

c4
4: 7 8 4 3
1.000000 0.000000 0.000000 
0.000000 1.000000 0.000000 
0.000000 0.000000 1.000000 

c5
4: 3 4 2 1
1.000000 0.000000 0.000000 
0.000000 1.000000 0.000000 
0.000000 0.000000 1.000000 

num of boxes: 0
1
0.536376,1.747828,0.467303
1.000000,0.000000,0.000000,0.000000,0.000000,1.000000,0.000000,0.000000,0.000000,0.000000,1.000000,0.000000,0.000000,0.000000,0.000000,1.000000
1.000000,0.000000,0.000000,1.000000,0.000000,0.000000,1.000000,0.000000,0.000000
1.000000,0.000000,0.000000,0.000000,0.000000,1.000000,0.000000,0.000000,0.000000,0.000000,1.000000,0.000000,0.000000,0.000000,0.000000,1.000000
