vanishing points:
(15215.572507,247.076280,1.000000,1000.000000,0.000000,0.000000,1.000000)
(634.510854,333.647283,1.000000,0.000000,1000.000000,0.000000,1.000000)
(90.554900,-148745.053212,1.000000,0.000000,0.000000,1000.000000,1.000000)
reference plane homography:
0.963245,-0.151900,0.172185
0.081860,-0.078551,0.081028
0.000517,-0.000238,0.000547
point for reference height: 1
num of points: 8
(1066.500000,153.000000,1.000000,1.000000,0.000000,0.000000,1.000000)
(314.500000,148.000000,1.000000,0.000000,0.000000,0.000000,1.000000)
(1065.500000,493.000000,1.000000,1.000000,0.000000,1.000000,1.000000)
(317.500000,506.000000,1.000000,0.000000,0.000000,1.000000,1.000000)
(64.500000,645.000000,1.000000,0.000000,1.000000,1.000000,1.000000)
(65.500000,8.000000,1.000000,0.000000,1.000000,0.000000,1.000000)
(1189.500000,102.000000,1.000000,1.000000,1.000000,0.000000,1.000000)
(1194.500000,532.000000,1.000000,1.000000,1.000000,1.000000,1.000000)
num of lines: 10
x: 1 2
x: 3 4
y: 4 5
y: 2 6
y: 1 7
y: 3 8
z: 4 2
z: 5 6
z: 3 1
z: 8 7
num of polygons: 5
a1
4: 5 4 3 8
1.000000 0.000000 0.000000 
0.000000 1.000000 0.000000 
0.000000 0.000000 1.000000 

a2
4: 5 6 2 4
1.000000 0.000000 0.000000 
0.000000 1.000000 0.000000 
0.000000 0.000000 1.000000 

a3
4: 4 3 1 2
1.000000 0.000000 0.000000 
0.000000 1.000000 0.000000 
0.000000 0.000000 1.000000 

a4
4: 3 8 7 1
1.000000 0.000000 0.000000 
0.000000 1.000000 0.000000 
0.000000 0.000000 1.000000 

a5
4: 2 1 7 6
1.000000 0.000000 0.000000 
0.000000 1.000000 0.000000 
0.000000 0.000000 1.000000 

num of boxes: 0
0
